0 0.044036 0.302714 0.034560 0.100209
0 0.040691 0.757829 0.034560 0.108559
0 0.182274 0.771399 0.045708 0.114823
0 0.235786 0.772443 0.054627 0.125261
0 0.185061 0.313152 0.042363 0.104384
0 0.234671 0.311065 0.043478 0.108559
0 0.377369 0.307933 0.036789 0.110647
0 0.431438 0.314196 0.033445 0.110647
0 0.376812 0.760960 0.033445 0.110647
0 0.430323 0.765136 0.037904 0.135699
0 0.532330 0.310021 0.034560 0.110647
0 0.676143 0.304802 0.043478 0.112735
0 0.724080 0.314196 0.036789 0.110647
0 0.867893 0.313152 0.039019 0.121086
0 0.920847 0.321503 0.044593 0.121086
0 0.918618 0.770355 0.042363 0.116910
0 0.867893 0.783925 0.047938 0.139875
0 0.722408 0.770355 0.037904 0.125261
0 0.676143 0.774530 0.039019 0.133612
0 0.535674 0.768267 0.043478 0.125261
1 0.088071 0.304802 0.046823 0.112735
1 0.138796 0.317328 0.036789 0.112735
1 0.089186 0.772443 0.040134 0.125261
1 0.139911 0.768267 0.041249 0.133612
1 0.284281 0.772443 0.033445 0.150313
1 0.335006 0.772443 0.039019 0.121086
1 0.331661 0.317328 0.045708 0.116910
1 0.282609 0.315240 0.039019 0.121086
1 0.473244 0.774530 0.036789 0.137787
1 0.474916 0.312109 0.033445 0.127349
1 0.580825 0.312109 0.040134 0.114823
1 0.630435 0.310021 0.034560 0.110647
1 0.627090 0.768267 0.034560 0.104384
1 0.581382 0.769311 0.041249 0.106472
1 0.773690 0.775574 0.037904 0.114823
1 0.822742 0.768267 0.042363 0.108559
1 0.970457 0.773486 0.034560 0.114823
1 0.967113 0.315240 0.041249 0.121086
1 0.823300 0.308977 0.036789 0.112735
1 0.772575 0.308977 0.042363 0.121086
