0 0.091973 0.099165 0.088071 0.110647
1 0.288183 0.245303 0.088071 0.114823
0 0.191750 0.106472 0.082497 0.125261
0 0.290970 0.094990 0.093645 0.127349
0 0.390747 0.107516 0.088071 0.144050
0 0.491081 0.094990 0.085842 0.123173
0 0.594203 0.102296 0.084727 0.112735
0 0.695652 0.093946 0.082497 0.116910
0 0.793757 0.104384 0.089186 0.129436
0 0.897436 0.104384 0.084727 0.129436
1 0.091973 0.245303 0.088071 0.131524
1 0.190635 0.241127 0.082497 0.127349
1 0.393534 0.244259 0.089186 0.129436
1 0.492196 0.239040 0.083612 0.123173
1 0.589186 0.240084 0.076923 0.112735
1 0.695652 0.236952 0.086957 0.118998
1 0.794872 0.241127 0.086957 0.114823
1 0.895206 0.239040 0.093645 0.123173
0 0.078038 0.419624 0.089186 0.137787
0 0.177815 0.415449 0.085842 0.116910
0 0.281494 0.411273 0.083612 0.125261
0 0.390747 0.417537 0.079153 0.129436
0 0.489967 0.417537 0.092531 0.133612
0 0.591973 0.415449 0.082497 0.137787
0 0.702899 0.413361 0.090301 0.125261
0 0.801003 0.419624 0.083612 0.125261
0 0.906912 0.419624 0.085842 0.121086
1 0.076366 0.563674 0.088071 0.121086
1 0.181717 0.560543 0.084727 0.123173
1 0.287625 0.566806 0.091416 0.131524
1 0.386288 0.566806 0.085842 0.123173
1 0.495541 0.564718 0.092531 0.131524
1 0.594203 0.559499 0.082497 0.133612
1 0.699554 0.561587 0.083612 0.125261
1 0.802118 0.566806 0.085842 0.131524
1 0.904125 0.561587 0.091416 0.121086
0 0.081382 0.744259 0.089186 0.131524
0 0.183946 0.745303 0.089186 0.125261
0 0.287068 0.747390 0.088071 0.146138
0 0.390190 0.742171 0.089186 0.118998
0 0.496656 0.746347 0.085842 0.127349
0 0.599220 0.741127 0.094760 0.116910
0 0.705128 0.736952 0.083612 0.125261
0 0.807135 0.741127 0.086957 0.129436
1 0.080268 0.892484 0.084727 0.123173
1 0.181717 0.893528 0.093645 0.141962
1 0.290412 0.897704 0.081382 0.121086
1 0.390190 0.896660 0.082497 0.123173
1 0.495541 0.894572 0.085842 0.123173
1 0.602564 0.894572 0.088071 0.131524
1 0.702899 0.896660 0.094760 0.135699
1 0.810479 0.897704 0.091416 0.129436
