1 0.104236 0.198330 0.143813 0.246347
1 0.298774 0.203549 0.144928 0.248434
1 0.688963 0.198330 0.138239 0.246347
1 0.697882 0.517745 0.167224 0.254697
1 0.686734 0.823591 0.156076 0.235908
1 0.508361 0.511482 0.131550 0.254697
1 0.108138 0.836117 0.153846 0.240084
1 0.312152 0.822547 0.131550 0.250522
0 0.507246 0.213987 0.147157 0.235908
0 0.889075 0.194154 0.148272 0.225470
0 0.904125 0.517745 0.142698 0.267223
0 0.901338 0.831942 0.148272 0.273486
0 0.301561 0.520877 0.134894 0.240084
0 0.117614 0.516701 0.128205 0.244259
