0 0.083612 0.108559 0.095875 0.112735
0 0.403010 0.109603 0.088071 0.118998
0 0.730769 0.104384 0.096990 0.116910
0 0.569119 0.306889 0.092531 0.121086
0 0.567447 0.507307 0.086957 0.104384
0 0.726867 0.511482 0.095875 0.112735
0 0.406355 0.513570 0.094760 0.112735
0 0.242475 0.314196 0.090301 0.114823
0 0.908027 0.887265 0.119287 0.108559
1 0.243590 0.103340 0.092531 0.093946
1 0.569119 0.106472 0.088071 0.096033
1 0.726310 0.313152 0.088071 0.112735
1 0.404125 0.307933 0.090301 0.102296
1 0.084727 0.311065 0.091416 0.112735
1 0.081382 0.518789 0.091416 0.110647
1 0.245819 0.509395 0.088071 0.116910
1 0.102007 0.684760 0.056856 0.087683
1 0.265329 0.692067 0.060201 0.085595
1 0.427536 0.681628 0.070234 0.102296
1 0.602564 0.696242 0.063545 0.098121
1 0.747492 0.687891 0.054627 0.093946
1 0.911371 0.685804 0.059086 0.085595
1 0.752508 0.889353 0.055741 0.100209
1 0.604236 0.897704 0.046823 0.075157
1 0.429208 0.886221 0.057971 0.102296
1 0.267001 0.892484 0.061315 0.089770
1 0.080825 0.890397 0.063545 0.089770
